2/1/1994,0.36,-0.52,3.68,3.94,0.57,1.3,0.17,0.22
3/1/1994,0.15,0.24,-0.15,-0.34,-0.44,-2,-5.65,1.2
4/1/1994,-0.97,-0.24,-1.29,-1.83,1.86,-1.68,-4.27,2.6
5/1/1994,-2.52,0.25,-0.66,-0.71,-0.96,-0.2,-1.59,0.86
6/1/1994,-1.02,-0.11,-0.15,-0.84,0.25,0.79,3.8,0.76
7/1/1994,0.21,0.7,-0.13,-0.95,0.18,-0.4,-0.92,4.15
8/1/1994,0.14,-1,0.54,1.8,0.57,-0.18,-0.35,-1.01
9/1/1994,-0.04,-0.99,0.82,2.04,1.69,-0.09,2.75,-0.27
10/1/1994,-1.19,-0.94,0.75,1.11,0.38,0.7,0.25,2.03
11/1/1994,-1.36,-0.37,-0.73,-0.35,0.2,0.89,-2.22,1.18
12/1/1994,-0.17,-0.3,-1.06,-2.4,0.61,0.69,2.09,1.65
1/1/1995,-1.92,1.27,-0.78,-0.63,0.26,0.57,0.5,-1.89
2/1/1995,-0.62,0.47,0.51,0.44,1.61,0.27,-2.47,-0.08
3/1/1995,1.18,0.94,2.41,2.89,1.88,0.65,0.07,-1.27
4/1/1995,1.32,2.92,0.85,2.92,0.63,-0.44,5.96,9.46
5/1/1995,2.28,2.27,2.1,2.78,-0.45,2.02,0.91,-0.33
6/1/1995,1.65,0.41,1.13,1.96,0.61,2.01,0.99,-4.7
7/1/1995,1.9,1.52,1.3,2.33,2.07,0.52,-0.68,-5.74
8/1/1995,0.86,0.55,2.25,3.87,1.56,1.12,2.24,3.05
9/1/1995,0.77,0.68,1.54,0.96,0.6,0.77,10.6,-0.32
10/1/1995,1.12,-0.57,1.87,1.55,1.14,1.04,0.2,-9.35
11/1/1995,1.29,0.28,-0.26,-1.31,0.16,1.14,1,-1.06
12/1/1995,2.31,0.29,1.13,1.28,1.68,1.68,4.87,-0.27
1/1/1996,1.39,0.81,2.18,3.89,-0.16,1.07,4.05,4.59
2/1/1996,2.07,2.1,3.49,4.1,1.02,1.43,10.46,2.82
3/1/1996,1.18,1.59,0.58,0.36,1.57,1.06,-7.07,-4.5
4/1/1996,1.5,1.65,1.22,1.3,0.63,0.77,1.22,0.11
5/1/1996,1.34,1.29,2.57,2.69,2,1.35,3,3.12
6/1/1996,1.59,1.14,1.66,1.09,1.09,1.09,1.99,-1.99
7/1/1996,1.45,0.24,1,0.67,0.28,1.25,3.23,0.2
8/1/1996,1.36,0.6,0.24,-0.33,1.05,1.34,-6.97,0.1
9/1/1996,1.31,1.48,2.16,2.74,1.23,1.04,2.93,0.78
10/1/1996,1.12,1.32,2.23,2.84,2.15,1.47,3.01,3.22
11/1/1996,1.44,1.11,1.39,1.8,0.45,1.16,5.31,5.59
12/1/1996,1.35,2,2.54,3.61,0.45,1.17,8.13,4.21
1/1/1997,0.85,0.95,1.88,2.19,1.12,1.75,-0.76,-1.83
2/1/1997,1.03,3.17,2.3,2.42,1.28,1.48,8.21,3
3/1/1997,1.33,1.97,1.49,2.16,0.22,1.1,1.82,1.43
4/1/1997,0.94,-1.15,0.18,0.38,-0.42,0.72,-2.17,-0.95
5/1/1997,1.02,1.21,0.33,0.52,-1.67,1.24,5.95,-2.69
6/1/1997,1.68,3.03,2.91,3.45,1.31,1.01,-2.02,-0.76
7/1/1997,2.09,1.18,1.7,1.13,2.39,0.87,2.1,0.21
8/1/1997,2.11,3.26,3.58,3.53,1.21,1.09,10.13,5.69
9/1/1997,1.75,-0.92,-0.26,-0.91,0.57,0.82,-2.41,-7.27
10/1/1997,1.03,1.81,2.5,2.97,1.48,1.15,4.63,3.63
11/1/1997,0.46,0.81,0.45,1.22,0.02,-1.58,-1.89,-0.73
12/1/1997,-0.82,-0.38,1.33,1.84,1.09,0.4,3.46,-0.68
1/1/1998,1.01,0.04,1.91,0.39,2.01,0.71,5.14,2.82
2/1/1998,0.84,0.91,1.73,3.76,-0.54,-0.84,-2.18,0.87
3/1/1998,1.63,1.85,2.56,2.8,3.81,0.81,0.21,-0.28
4/1/1998,1.42,1.97,2.48,1.27,2.38,1.61,10.16,1.06
5/1/1998,1.27,0.29,0.73,0.51,1.64,-0.01,1.57,-4.03
6/1/1998,0.65,1.31,-1.2,-1.41,0.23,-0.21,3.37,3.25
7/1/1998,-0.37,0.47,-0.79,0.31,-0.53,-1.08,3.28,0.91
8/1/1998,0.52,-0.1,0.04,0.39,-0.37,0.48,1.8,-1.12
9/1/1998,-4.64,-0.85,-11.77,-12.45,-6.15,-1.46,-4.84,9.95
10/1/1998,-3.23,0.95,-2.96,-1.43,-0.65,-3.74,-5.12,6.87
11/1/1998,-4.68,2.48,0.66,0.89,2.41,-6.96,-11.55,1.21
12/1/1998,2.06,2.1,2.77,3.17,2.04,1.55,-1.08,-1.8
1/1/1999,0.35,1.24,1.7,1.55,1.55,1.73,2.34,2.8
2/1/1999,2.27,0.69,1.88,2.22,-1.51,1.9,-2.88,-3.14
3/1/1999,1.22,0.61,-0.05,0.07,-1.37,1.52,-1.6,-0.54
4/1/1999,1.04,1.35,2.39,2.89,2.56,1.34,-2,-1.07
5/1/1999,2.14,2.02,3.07,3.14,3.39,1.63,1.79,2.67
6/1/1999,1.89,1.44,2.17,2.43,2.47,0.88,-0.05,-2.93
7/1/1999,0.81,1.92,2.93,2.49,1.22,0.75,3.02,2.76
8/1/1999,1.09,1.66,1.32,1.96,0.16,0.49,-1.91,-0.72
9/1/1999,0.23,1.11,0.11,0.19,0.8,-0.41,-2.85,-0.32
10/1/1999,1.39,0.22,1.04,1.73,2.16,0.74,-3.18,1.81
11/1/1999,0.7,0.82,0.35,-0.3,1.75,0.91,2.44,-4.82
12/1/1999,1.3,1.56,2.04,1.55,0.52,0.78,4.4,-0.52
1/1/2000,0.9,0.96,3.09,1.9,0.47,0.97,9.24,2.35
2/1/2000,2.59,1.42,0.51,0.42,0.15,0.54,-2.42,0.01
3/1/2000,3.37,0.79,2.3,0.49,3.52,0.57,4.43,-2.1
4/1/2000,3.46,2.24,0.6,0.15,0.05,-0.15,-2.45,-1.31
5/1/2000,3.57,1.44,-0.73,-1.32,1.81,0.93,-5.35,-2.28
6/1/2000,1.94,1.46,0.02,0,0.68,0.02,2.32,0.58
7/1/2000,1.97,1.82,1.94,2.02,1.43,0.93,1.32,-1.12
8/1/2000,1.46,1.23,0.5,-0.24,1.58,0.55,1.81,-2.05
9/1/2000,1.69,1.43,1.71,1.77,1.57,0.67,2.92,1.23
10/1/2000,2.02,-0.14,0.61,-0.31,1.01,0.75,-0.87,-3.34
11/1/2000,1.09,0.81,-0.05,-0.09,0.35,0.29,1.26,0.76
12/1/2000,-0.47,0.28,-0.77,-1.06,0.28,0.7,3.63,6.68
1/1/2001,0.44,1.28,0.42,0.14,1.39,0.32,5.05,7.76
2/1/2001,2.68,2.13,2.46,2.89,1.91,1.42,3.32,-0.03
3/1/2001,2.12,0.89,1.59,1.92,1.49,0.53,0.99,0.15
4/1/2001,1.42,0.92,0.12,1.38,0.33,0.24,2.74,4.88
5/1/2001,1.22,1.44,0.93,0.99,0.5,1.32,0.69,-5.49
6/1/2001,0.69,0.64,1.1,2.42,1.31,0.52,2.14,0.83
7/1/2001,0.13,0.29,1.03,2.65,-0.43,0.5,1.03,-0.84
8/1/2001,1.08,0.22,0.47,1,0.68,0.91,0.69,0.15
9/1/2001,1.5,1.01,1.55,1.25,1.01,0.64,1,2.52
10/1/2001,0.74,-0.05,-1.54,-0.79,-2.65,0.18,1.17,3.65
11/1/2001,1.11,0.72,1.35,2.35,-0.01,1.55,1.18,3.4
12/1/2001,0.71,0.82,0.85,0.76,0.81,-0.27,-0.37,-8.62
1/1/2002,0.32,-0.08,1.07,1.62,0.67,0.23,2.47,2.15
2/1/2002,1.12,0.12,1.18,1.58,0.29,1.03,2.64,-1.27
3/1/2002,-3.15,0.03,-0.34,-0.63,-1.22,0.87,0.52,-2.4
4/1/2002,-0.02,0.8,1.19,1.23,1,0.63,-0.19,-0.91
5/1/2002,1.21,0.53,0.74,0.89,0.88,1.35,1.7,-1.61
6/1/2002,0.23,1.29,0.12,0.19,0.03,1.44,0.78,3.51
7/1/2002,-0.33,0.52,-2.93,-3.79,-1.17,0.65,1.42,8.63
8/1/2002,-1.55,1.84,-3.1,-4.27,-2.73,1.08,2.15,6.12
9/1/2002,0.6,0.57,0.27,0.28,-1.23,1.23,1.22,3.36
10/1/2002,1.37,-0.03,-0.2,-0.25,-0.56,-1.14,0.76,4.11
11/1/2002,1.03,0.41,-0.18,-0.72,0.52,-2.27,0.72,-5.03
12/1/2002,1.92,0.31,2.57,3.91,0.21,-0.53,1.23,-2.09
1/1/2003,1.66,0.82,0.99,1.17,0.53,1.32,0.85,5.5
2/1/2003,3.02,0.31,2.27,3.12,-0.39,1.26,2.03,6.07
3/1/2003,1.39,-0.06,0.63,0.89,-0.71,0.99,1.87,6.43
4/1/2003,0.95,0.79,1.01,1.19,-0.27,0.42,-0.66,-6.1
5/1/2003,1.42,0.4,2.51,3.27,1.52,1.25,2.16,1.39
6/1/2003,1.76,1.22,2.35,2.27,2.56,1.28,2.96,5.14
7/1/2003,-0.62,0.46,1.8,2.63,0.75,0.34,1.63,-2.21
8/1/2003,-0.35,0.68,0.95,1.14,0.48,-0.98,-0.11,-2.75
9/1/2003,-0.91,0.06,0.86,1.02,1.16,0.21,1.3,1.06
10/1/2003,1.97,1.06,1.8,2.21,0.95,1.16,3.04,-1.6
11/1/2003,1.67,0.67,1.53,1.98,1.21,0.46,0.09,0.78
12/1/2003,1.25,0.33,1.21,1.21,0.42,0.52,0.55,0.54
1/1/2004,0.7,0.93,1.49,1.73,1,0.8,1.86,5.42
2/1/2004,1.42,0.82,2.16,2.42,0.83,1.23,1.45,1.09
3/1/2004,0.29,0.79,0.95,0.89,0.5,0.87,1.19,6.89
4/1/2004,0.42,-0.11,0.45,0.59,0.73,-0.49,0.97,-0.86
5/1/2004,0.46,-0.34,0.51,0.66,-0.58,1.34,0.14,-6.46
6/1/2004,-1.33,0.21,0.09,0.26,0.44,0.63,0.05,-1.05
7/1/2004,-0.76,0.84,0.96,1.06,0.25,0.71,0.48,-2.84
8/1/2004,-0.2,0.31,0,0.52,-1.52,0.7,0.82,-1.95
9/1/2004,0.28,2.13,0.45,0.56,0.18,-0.41,-0.75,-1.53
10/1/2004,-0.07,0.54,1.27,1.23,0.63,-0.78,-0.49,1.96
11/1/2004,-0.29,0.03,1.24,1.86,0.92,1.14,1.22,4.82
12/1/2004,1.08,0.26,3.27,2.67,1.67,1.12,2.42,5.83
1/1/2005,0.69,0.86,2.28,1.92,1.32,0.61,0.72,0.72
2/1/2005,-0.8,0.35,0.2,0.55,-0.09,0.09,0.69,-5.39
3/1/2005,-0.31,1.02,1.59,1.55,0.46,0.91,1.4,0.08
4/1/2005,-1.63,0.43,0.57,0.65,0.09,0.27,0.51,0.37
5/1/2005,-3.13,-0.22,-0.64,-0.06,-0.54,-0.63,-0.25,-3.45
6/1/2005,-1.55,-0.34,0.55,0.13,0.32,-1.24,0.07,3.62
7/1/2005,0.96,0.21,1.29,1.21,0.79,-0.52,0.52,4.22
8/1/2005,1.71,0.33,2.27,1.65,0.46,1,1.04,0.78
9/1/2005,0.72,0.86,0.85,1,0.6,0.51,0.71,-0.87
10/1/2005,1.1,0.9,1.07,1.24,0.23,0.12,2.43,1.38
11/1/2005,-0.07,0.83,-1.82,-0.1,-1.12,0.27,-0.86,-1.97
12/1/2005,-0.43,0.18,1.28,1.63,1.01,-0.58,1.08,4.17
1/1/2006,0.96,1.44,1.45,1.73,0.85,0.45,1.58,-2.53
2/1/2006,2.75,1.4,2.92,2.52,1.63,1.42,3.37,2.71
3/1/2006,1.18,0.5,0.34,0.21,0.58,0.06,1.23,-2.62
4/1/2006,1.49,1.62,1.5,1.73,0.97,0.57,1.06,4.08
5/1/2006,0.75,2.02,1.75,1.52,0.3,2.05,2.86,2.92
6/1/2006,0.76,0.82,-0.09,0.39,-0.15,0.81,-0.6,-2.7
7/1/2006,0.35,0.27,0.75,0.76,0.2,0.62,0.44,-2.04
8/1/2006,0.79,1.26,0.04,-0.09,0.46,0.24,1.36,-2.43
9/1/2006,1.01,0.31,1.05,1.15,0.35,-0.02,-0.77,1.39
10/1/2006,1.15,0.2,0.6,0.5,0.22,-0.02,0.02,-1.15
11/1/2006,0.68,0.39,2.23,2.65,-0.16,0.74,1.08,1.73
12/1/2006,1.06,0.97,2.09,1.59,3.01,1.16,1.44,2.22
1/1/2007,1.49,0.88,1.58,1.68,0.49,0.72,1.36,4.05
2/1/2007,1.2,0.61,2.06,1.71,0.2,0.12,1.29,2.26
3/1/2007,1.16,0.47,1.55,1.21,1.15,1.21,0.5,-4.38
4/1/2007,0.68,1.65,1.27,1.27,1.29,0.9,1.21,-2.54
5/1/2007,0.56,1.01,1.52,1.57,2.15,1,1.71,4.02
6/1/2007,1.19,0.75,3.24,2.08,0.04,0.24,1.79,5.13
7/1/2007,0.28,0.56,0.73,0.95,0,0.21,1.22,3.03
8/1/2007,-1.11,0.4,0.97,-0.24,0.43,-1.96,0.96,-4.79
9/1/2007,-1.08,-0.39,-1.88,-1.73,-0.65,-0.87,-0.62,-4.61
10/1/2007,1.97,1.3,1.6,1.14,3.22,1.85,4.1,5.13
11/1/2007,2.18,1.5,2.91,1.41,2.13,1.15,2.72,4.06
12/1/2007,-1.48,0.56,-1.68,-1.3,-0.8,-0.25,-0.17,-0.95
1/1/2008,-0.4,0.48,0.32,0.06,-0.63,0.21,1.5,0.32
2/1/2008,-0.53,0.69,-2.44,-1.7,-0.1,0.28,4.44,4.13
3/1/2008,-1.29,1.07,0.85,0.17,1.26,-0.66,4.11,6.61
4/1/2008,-5.93,0.01,-1.72,-1.04,1.62,-6.43,-1.7,-0.53
5/1/2008,1.11,0.31,0.51,0.24,0.88,2.07,-1.59,-2.15
6/1/2008,1.5,1.1,1.89,1.5,-0.18,1.26,1.8,1.44
7/1/2008,-0.36,0.55,-0.15,-0.51,-0.12,-0.47,2,4.79
8/1/2008,-2.14,-0.06,-2.53,-2.59,-0.39,-0.37,-2.64,-4.2
9/1/2008,-0.66,-0.59,-0.16,-0.07,-1.16,-0.7,-1.37,-2.48
10/1/2008,-12.26,-1.41,-5.75,-5.18,-3.49,-6.8,-6.63,-0.57
11/1/2008,-12.59,-1.83,-5.09,-5.66,-3.06,-14.04,-5.13,4.96
12/1/2008,-1.88,-40.45,-3.21,-5,-0.02,-5.6,1.54,3.22
1/1/2009,-0.98,0.41,-1.26,-2.54,1.6,-0.8,1.11,2.37
2/1/2009,5.72,1.14,0.79,-0.06,0.38,0.48,2.33,-0.56
3/1/2009,0.75,-5.61,-1.13,-1.2,0.69,1.01,0.21,-0.16
4/1/2009,1.14,1.1,0.16,0.12,1.65,1.74,0.03,-2.18
5/1/2009,4.52,1.29,1.48,1.8,0.72,1.93,0.19,-3.24
6/1/2009,5.81,3.63,4.22,4.15,1.85,4.33,1.47,0.85
7/1/2009,4.05,-0.21,1.02,1.44,0.89,1.83,-0.85,-2.32
8/1/2009,5.8,1.79,2.33,2.25,1.12,3.65,1.78,-0.43
9/1/2009,3.39,1.31,2.17,2.12,0.95,2.38,0.86,0.92
10/1/2009,3.23,0.96,2.89,3.38,1.6,2.77,2.77,2.97
11/1/2009,2.16,-0.35,0.43,0.71,0.16,1.94,0.21,-2.17
12/1/2009,0.8,0.08,2.16,2.08,1.03,1.71,3.52,4.94
1/1/2010,2.22,-0.87,2.28,2.51,0.38,0.76,-1.43,-5
2/1/2010,0.97,0.1,1.42,2.02,0.4,2.02,1.07,-3.81
3/1/2010,0.47,-1.35,0.44,0.29,0.3,0.07,1.1,1.81
4/1/2010,2.06,0.54,2.85,2.64,0.69,1.44,0.38,4.25
5/1/2010,1.69,0.43,1.89,1.69,-0.1,1.75,1.65,1.89
6/1/2010,-2.51,-3.3,-3.07,-2.5,-1.52,-0.79,-0.63,-4.03
7/1/2010,0.01,-0.99,-1.58,-1.1,0.1,0.92,0.56,0.42
8/1/2010,2.22,1.67,1.56,1.1,1.61,1.2,0.65,-1.5
9/1/2010,1.35,-1.55,-0.4,-0.64,0.31,1.24,1.48,4.87
10/1/2010,1.11,3.66,3.2,2.07,2.31,1.55,2.72,2.77
11/1/2010,1.98,0.93,1.8,1.32,-0.62,1.1,1.62,4.29
